y[]
5.44673737166631
5.45958551414416
5.25227342804663
5.33271879326537
5.46383180502561
5.04342511691925
5.48893772615669
5.27299955856375
5.27811465923052
5.46383180502561
5.43372200355424
5.59471137960184
5.83188247728352
5.76519110278484
5.62762111369064
5.20948615284142
5.4380793089232
5.48893772615669
4.97673374242057
4.46590811865458
4.99721227376411
4.18965474202643
4.21950770517611
4.11087386417331
3.52636052461616
4.93447393313069
5.14166355650266
5.37989735354046
5.40267738187228
4.96284463025991
5.09375020080676
5.52146091786225
5.33753807970132
5.56068163101553
5.59842195899838
5.75257263882563
5.31320597904179
3.49650756146648
5.35185813347607
4.69134788222914
4.46590811865458
4.95582705760126
4.9416424226093
5.39362754635236
5.09375020080676
5.38449506278909
5.41164605185504
5.52942908751142
5.605802066296
5.61677109766657
5.32300997913841
4.53259949315326
5.06890420222023
5.11799381241676
5.02388052084628
4.81218435537242
4.95582705760126
4.85981240436167
4.87519732320115
5.18178355029209
5.22035582507832
5.15329159449778
5.36597601502185
5.40267738187228
5.29831736654804
5.37989735354046
5.01727983681492
5.18178355029209
4.70953020131233
4.27666611901606
4.4188406077966
5.23644196282995
5.30330490805908
5.49306144334055
4.35670882668959
5.19849703126583
5.36597601502185
5.26785815906333
5.28320372873799
5.19849703126583
5.605802066296
5.4553211153577
5.26785815906333
5.50533153593236
5.35658627467201
4.62497281328427
5.25227342804663
4.84418708645859
4.44265125649032
4.36944785246702
4.77912349311153
5.15905529921453
5.37063802812766
5.29831736654804
5.28320372873799
5.42934562895444
5.55682806169954
4.17438726989564
END
